ip= 1 [0, 0, 0, 10551396, 10550400, 0]
ip= 3 [0, 1, 2, 10551396, 0, 10551396]
ip= 3 [1, 2, 2, 10551396, 0, 5275698]
ip= 3 [3, 2, 2, 10551396, 0, 10551396]
ip= 3 [3, 3, 2, 10551396, 0, 3517132]
ip= 3 [6, 3, 2, 10551396, 0, 10551396]
ip= 3 [6, 4, 2, 10551396, 0, 2637849]
ip= 3 [10, 4, 2, 10551396, 0, 10551396]
ip= 3 [10, 5, 2, 10551396, 52756980, 10551396]
ip= 3 [10, 6, 2, 10551396, 0, 1758566]
ip= 3 [16, 6, 2, 10551396, 0, 10551396]
# guessing
ip= 3 [16, 7, 2, 10551396, 0, 10551396]
ip= 3 [16, 8, 2, 10551396, 0, 10551396]
ip= 3 [16, 9, 2, 10551396, 0, 10551396]
ip= 3 [16, 10, 2, 10551396, 0, 10551396]
ip= 3 [16, 11, 2, 10551396, 0, 10551396]
ip= 3 [16, 12, 2, 10551396, 0, 879283]
ip= 3 [28, 12, 2, 10551396, 0, 10551396]
ip= 3 [28, 13, 2, 10551396, 0, 10551396]
ip= 3 [28, 14, 2, 10551396, 0, 10551396]
...
ip= 3 [28, 20, 2, 10551396, 0, 10551396]
...
ip= 3 [28, 30, 2, 10551396, 0, 10551396]
...
ip= 3 [28, 879283, 2, 10551396, 0, 12]
ip= 3 [879311, 879283, 2, 10551396, 0, 10551396]
...
ip= 3 [879311, 1758566, 2, 10551396, 0, 6]
ip= 3 [2637877, 1758566, 2, 10551396, 0, 10551396]
...
ip= 3 [2637877, 2637849, 2, 10551396, 0, 4]
ip= 3 [5275726, 2637849, 2, 10551396, 0, 10551396]
...
ip= 3 [5275726, 3517132, 2, 10551396, 0, 3]
ip= 3 [8792858, 3517132, 2, 10551396, 0, 10551396]
...
ip= 3 [8792858, 5275698, 2, 10551396, 0, 2]
ip= 3 [14068556, 5275698, 2, 10551396, 0, 10551396]
...
ip= 3 [14068556, 10551396, 2, 10551396, 0, 1]
ip= 3 [24619952, 10551396, 2, 10551396, 0, 10551396]
# from here, we get this output and answer
# because both the eqrr and gtrr checks finally triggered in the same iteration, 
# we end up with an ip = 15 * 15 = 256, which is greater than the length of the program
ip= 3 [24619952, 10551396, 2, 10551396, 0, 10551396] ['mulr', 1, 5, 4] [24619952, 10551396, 3, 10551396, 111331957548816, 10551396] nextIp= 4
ip= 4 [24619952, 10551396, 3, 10551396, 111331957548816, 10551396] ['eqrr', 4, 3, 4] [24619952, 10551396, 4, 10551396, 0, 10551396] nextIp= 5
ip= 5 [24619952, 10551396, 4, 10551396, 0, 10551396] ['addr', 4, 2, 2] [24619952, 10551396, 5, 10551396, 0, 10551396] nextIp= 6
ip= 6 [24619952, 10551396, 5, 10551396, 0, 10551396] ['addi', 2, 1, 2] [24619952, 10551396, 7, 10551396, 0, 10551396] nextIp= 8
ip= 8 [24619952, 10551396, 7, 10551396, 0, 10551396] ['addi', 5, 1, 5] [24619952, 10551396, 8, 10551396, 0, 10551397] nextIp= 9
ip= 9 [24619952, 10551396, 8, 10551396, 0, 10551397] ['gtrr', 5, 3, 4] [24619952, 10551396, 9, 10551396, 1, 10551397] nextIp= 10
ip= 10 [24619952, 10551396, 9, 10551396, 1, 10551397] ['addr', 2, 4, 2] [24619952, 10551396, 11, 10551396, 1, 10551397] nextIp= 12
ip= 12 [24619952, 10551396, 11, 10551396, 1, 10551397] ['addi', 1, 1, 1] [24619952, 10551397, 12, 10551396, 1, 10551397] nextIp= 13
ip= 13 [24619952, 10551397, 12, 10551396, 1, 10551397] ['gtrr', 1, 3, 4] [24619952, 10551397, 13, 10551396, 1, 10551397] nextIp= 14
ip= 14 [24619952, 10551397, 13, 10551396, 1, 10551397] ['addr', 4, 2, 2] [24619952, 10551397, 15, 10551396, 1, 10551397] nextIp= 16
ip= 16 [24619952, 10551397, 15, 10551396, 1, 10551397] ['mulr', 2, 2, 2] [24619952, 10551397, 256, 10551396, 1, 10551397] nextIp= 257
part2: [24619952, 10551397, 256, 10551396, 1, 10551397]